1190
1814
8138
8148
3482
7681
6612
4679
1775
5658
6481
194
7580
494
7209
4740
820
6724
6259
2790
3504
7867
1361
4521
2615
2791
3699
2936
1953
5728
4053
5250
5046
1784
1709
7695
7257
2092
6183
4331
2965
2867
154
1391
2435
4397
1863
478
7883
8145
222
3098
585
3208
4402
4645
3104
7716
7933
884
2455
2251
654
6805
5524
4868
2279
3218
3866
7459
3591
4948
4944
6370
771
3513
668
5641
7007
3705
1152
6191
5742
696
2039
6362
244
4128
6683
1818
4353
4685
8072
3619
8061
1486
6645
2926
5514
6291
6644
3333
360
5940
1900
2029
488
901
4077
401
5977
4208
913
4896
4871
7030
6980
5634
8116
4376
3858
2179
2433
4699
1000
2687
5889
3132
6647
3897
833
4060
5851
1950
6283
4337
2508
6991
632
1251
1282
5661
1622
5220
4018
7334
4917
1387
409
7079
1740
5324
4078
4581
6140
1497
3236
6244
6282
3125
5587
1948
1076
2608
3517
6108
5130
2796
6335
5001
6367
3291
8110
4875
2026
1686
1155
5175
865
1034
7550
6741
6694
4487
1866
2204
7568
7998
3892
6453
7118
161
1547
2779
6250
7538
5793
4406
4013
6685
2630
3745
3608
2509
3898
4387
1424
7932
3078
7812
3601
3726
2291
5114
7879
4856
3014
6019
7911
6388
3631
7666
30
2016
3974
2659
5880
2261
7075
8000
3729
3454
3918
3041
2693
6545
1385
731
252
1141
4248
3837
230
7578
6
189
4756
895
209
420
6641
4187
4877
4545
2619
2048
464
7126
7700
2290
6018
4830
1250
3135
1108
5717
4485
2866
7377
1049
7192
3904
1462
766
61
1393
1015
2464
1711
250
3685
5212
920
1771
1409
53
3590
5905
6177
2047
7739
89
5679
1163
1537
4190
4597
6834
3376
7486
4238
2098
4389
278
8021
1661
1550
2516
3976
6014
68
6478
7218
1935
342
3826
5388
313
3795
4829
7991
7892
5410
5456
3557
4747
1327
1877
5191
5156
7302
8139
5640
3849
2429
2504
4804
2903
28
7724
487
2469
6306
6924
6820
628
4550
3358
5412
2755
3616
1870
980
2244
1766
5177
7494
8035
7247
3430
5265
708
40
574
2915
5733
4836
4947
1464
6219
4036
1778
131
2022
6527
7519
1897
3367
3150
6867
1400
7979
5523
1065
573
6981
5145
5963
5745
4578
2584
3037
7887
6713
7783
550
7842
4319
5696
575
4624
2947
6255
249
1129
947
1576
7756
4583
5921
6670
3113
5014
2765
6785
6256
8
7848
4813
5041
5554
2173
4050
6093
7189
4752
6564
3676
7054
7177
6104
371
2088
2660
5543
2573
5186
3805
8162
5107
6983
1800
3220
7402
6294
638
5288
3528
3668
3954
1477
5936
4345
2052
1992
7880
4087
4460
5638
601
7008
7299
8005
3909
5578
5485
5954
2541
4140
2616
5555
7543
6659
3190
5924
7308
7374
2954
1564
5199
7899
387
7889
5922
4446
3178
7598
3089
7343
5347
5417
1500
5294
2898
3131
5482
2821
2338
4215
2787
6025
1068
4761
7453
808
1912
7119
3576
6987
549
7612
2042
5844
5735
4418
3810
7182
5256
635
6682
3296
7758
6231
3801
7450
1435
3728
2160
5560
6380
8180
4864
8075
5109
6028
195
8136
86
192
4426
391
3679
7291
6230
4247
4688
6333
3500
7051
3393
7912
3982
4286
6324
1127
6398
4599
6712
5498
6150
4793
7600
2249
1154
7901
1666
2827
3749
7793
7260
2138
7705
6517
5293
6100
6006
2839
1934
4541
5747
8146
2873
2379
3006
2476
3662
5026
2946
2817
3548
2657
3400
6657
5964
7305
3845
4404
2460
5532
2637
8043
84
2622
6806
4255
7782
4074
7151
1433
6488
7960
2386
3899
6525
2809
3196
7687
673
5721
3770
7428
1381
7102
3323
7252
6233
3559
5978
7049
8024
1624
1853
2969
8037
7401
1246
22
71
476
1096
6888
2466
3997
5196
4980
6110
4232
6993
2149
1229
6896
7449
2697
6347
4811
3250
7620
3949
7010
1867
2190
5773
7215
3401
1003
5609
1221
3214
3595
6435
136
4134
4733
1680
6955
6411
3621
7702
8020
4242
6974
504
4647
5038
4010
507
704
2141
2319
3680
3199
2227
773
6508
692
4318
1111
775
1560
3762
4530
6885
6784
8106
99
2422
6200
5897
580
1511
5941
5629
5321
4476
6796
5437
6889
3261
4230
3646
5995
7268
750
6664
140
1826
6492
3833
2676
6872
2467
690
2053
2125
6311
2691
7779
8090
12
4568
4666
588
7392
4040
6844
4365
2071
7685
6871
4085
3141
5499
6082
6973
7103
1347
5157
7254
8002
5802
813
7244
6730
3369
7696
3957
8144
5917
5791
7715
7527
7539
337
115
1570
4844
6070
1723
1581
4791
2569
2976
6064
2307
6560
2091
5605
1577
1931
6696
4788
4235
970
217
2524
6196
1289
6366
1102
5969
111
1644
2297
741
3456
4893
6473
3700
839
6859
6238
4995
1211
7605
2877
4261
2497
3010
7863
3308
3882
8191
1555
7345
8111
8070
1380
3455
3518
5575
4809
6207
8125
6379
1629
1808
6281
1651
6249
60
8079
2580
2836
1544
7943
7039
4231
2356
3399
6390
3594
4107
3102
1320
6312
5876
315
6087
6484
5594
1748
7357
7676
91
4339
5099
7245
4046
6613
3071
1125
1266
1103
7248
5915
6849
1423
5893
5490
2820
6421
5740
2346
6074
3698
3317
2202
8058
7131
5595
3946
8083
7341
5885
5693
2121
3876
4456
732
6521
5189
693
899
3491
6598
3464
753
7204
7289
7661
1546
3852
8053
5405
4192
5075
5009
1207
6639
4783
5105
4340
5305
2901
5952
1862
3508
5260
2465
4200
7165
1978
2330
395
4884
6930
112
7211
1214
6722
6097
856
6530
4288
3549
1089
5303
3052
7237
4189
2746
7033
2629
3200
7548
7096
5033
4352
7608
3394
4604
4285
3129
1268
7462
7745
5393
4470
2784
6866
2186
4900
6921
2588
4437
6461
4901
3613
7624
2734
90
3320
4114
3515
7637
6013
6400
994
5785
7629
5020
5274
7229
5635
1726
167
226
4531
525
2768
66
1756
8140
4126
6195
2221
1044
3533
3258
7223
4299
4360
1081
3925
1048
3278
5382
2754
4152
2643
7981
440
5706
1573
7364
707
6021
5985
6132
1239
1116
3138
1902
1173
1013
5537
4483
1019
1801
6274
2019
6826
2256
3294
1258
6111
2017
6295
1542
5477
2276
3295
6719
4474
5262
7530
4401
1330
520
3967
7172
7055
4790
4712
2661
3994
5436
19
4415
2703
713
6452
389
6046
455
5416
7086
3733
1750
7389
323
7649
4504
5684
1507
6007
3297
201
8168
1907
6351
6180
437
5585
2103
5080
5633
5237
3965
4289
1850
648
6147
7778
1074
8039
1683
6193
8134
4657
1708
5755
6585
8055
2590
303
4547
5016
7105
5031
2007
3809
2933
3800
6919
2090
529
965
6410
3232
1911
7452
5856
5487
5187
2975
3579
4315
7492
2037
2748
4017
2534
3182
7175
5760
4889
2139
4466
422
1427
3209
1066
182
5095
4838
3972
7755
7306
4763
6194
7704
6442
2225
7830
2
1300
7789
2315
7832
3814
7448
2555
4388
6686
705
992
7221
3636
6704
2216
3029
2101
5612
528
7228
3987
2568
103
6928
7829
2187
2925
6621
5346
1483
6737
4719
2174
1675
5195
3743
259
3694
6728
1865
7017
1885
7811
6619
3158
3772
1895
6430
5853
2756
7780
7572
7391
7831
997
4002
685
4472
7281
4371
5209
6797
998
7423
4498
2188
6172
7546
7522
3137
5813
3470
1366
7041
3427
7166
672
1045
6427
5275
7569
5519
4143
3027
1241
3311
7495
7833
260
1776
5299
825
4933
5300
6870
8067
239
610
144
365
7602
1749
4577
6546
1692
7266
560
3510
4890
7544
5508
6940
5926
3585
5190
3339
885
7467
319
1213
1939
3177
6507
5181
6033
4612
600
7858
7431
5392
325
4588
888
6479
646
3076
4898
2453
4096
5989
6051
32
2284
1208
6701
4625
306
7772
7662
4842
1335
6877
1735
2806
6531
6383
3832
987
7587
4449
7300
5676
4383
1220
5562
4440
742
3633
6599
818
5795
5272
7122
4047
4565
6563
2020
7143
6800
6166
8074
1591
1414
6353
3622
492
5140
1687
5129
7697
659
2043
2364
6189
2848
3070
2995
957
4463
948
5884
5727
5623
5158
2183
2570
4202
1182
830
6042
1728
1536
6450
2686
4751
3821
4828
415
5174
5012
1402
5454
7927
6029
6208
1105
2056
6815
4142
7788
4663
2272
1307
2046
5169
1188
3688
6109
2131
7545
4648
6808
1020
4643
1374
784
7866
5127
1042
1667
4294
5886
1430
1617
4177
500
650
4941
120
2920
5455
6770
4157
70
4432
7336
3077
1069
1176
2058
3495
6752
1515
4923
3851
7953
5937
3943
7080
3371
2381
3639
4175
5308
7634
6902
5782
505
6161
3144
4210
2958
5794
2723
3139
1346
6476
5730
1233
6593
216
1954
7950
3623
806
2457
6162
7038
6319
7615
2749
5625
81
220
1247
2387
100
5317
477
7797
2908
943
1441
4629
2394
711
7946
2254
1192
6653
4534
2932
6566
7841
6118
7320
5557
2325
3280
7035
6235
6604
5871
3074
7713
3068
1417
2245
4308
3021
2811
8185
2602
2635
5381
26
3269
7327
5669
1872
6304
541
7488
4586
6503
4957
2924
7914
2013
8056
2737
3811
6447
5827
3648
1917
2545
3045
5920
6753
908
7012
7768
5035
1615
2357
5685
3287
2034
1062
3046
6471
4006
2781
4075
5639
6698
4240
2366
1742
6875
1392
1513
3929
5030
204
7083
1204
3527
5084
1178
7170
2564
836
483
5467
910
3644
758
3025
1951
4899
251
5817
5970
7117
3617
292
5561
5371
1813
6615
7728
1294
1168
2652
3880
3936
6528
3566
5357
5007
2944
6197
1234
2400
2613
3870
7851
5664
2144
7490
3718
4317
8095
4696
2215
7130
4304
4848
598
5541
8028
2449
4214
6328
2210
4580
2275
4703
1793
2840
4181
5914
7355
2246
7149
1046
6445
1628
7674
3344
4517
1855
3201
2258
3963
5343
4226
3054
7815
4961
2672
1899
3922
2324
3830
4277
2645
2468
69
6511
7480
160
3328
5154
2111
4768
3620
6661
7709
5385
8163
5054
510
6469
6381
804
1022
4935
1549
2517
7592
2267
2750
5588
5277
78
2989
2905
2536
853
6905
4023
3152
41
8094
4607
4324
6787
5159
5869
6538
7259
2437
3737
3327
1054
3628
4409
2959
6584
7264
7872
5197
6361
5374
3569
4773
7795
2522
2974
232
2078
7978
1005
3991
1270
5933
1603
4019
7380
2788
7907
1765
7053
2770
5959
687
4524
3419
823
527
6496
4613
7019
3303
4767
5872
7781
1672
6210
1657
3574
7121
7386
345
3735
1305
490
106
6094
7571
6203
2922
2259
894
4281
4674
3271
399
197
5966
5306
6821
7935
4775
4156
5002
7926
6756
62
1119
247
5040
6345
4159
637
2707
946
6692
3445
2152
3324
6559
2083
4522
5401
13
6703
1281
6005
2214
2011
2767
4433
4982
4251
5689
3059
3197
2426
3696
3883
625
5967
1440
4960
5062
7613
7835
4778
4656
3692
2368
2129
256
5935
1829
7747
607
7865
1557
4287
6923
2133
963
7496
4149
1718
1602
6868
2304
7921
7478
7399
783
5592
3093
4876
7220
4646
4377
7534
3552
135
4066
547
6591
8126
6394
93
2782
6426
7024
7635
4640
67
2119
3815
8123
6623
996
5113
1528
4714
5515
890
5559
1275
3684
1578
3637
4540
1727
6081
4333
2869
7673
7870
5202
3081
443
4250
6950
77
7796
694
5295
7317
5841
4632
1556
4738
3056
2339
6251
4223
923
608
7652
7280
1999
3618
545
797
3663
1112
3361
228
5732
4897
1121
3310
6226
2644
7288
6759
2200
297
5065
424
5018
6340
7840
1450
5045
5424
1880
5862
4537
4059
1245
356
3609
964
5124
6137
4092
6268
8032
1998
1376
1594
7528
5217
4207
5176
358
3512
2490
535
3124
2372
302
4988
6748
7985
6927
3860
5942
6779
6915
1882
5163
3563
1586
2874
2690
2107
5136
6397
5784
1705
1422
8034
5404
7644
4676
3865
812
7886
4803
2184
2014
3669
5399
4637
3606
1971
5903
6122
2049
4374
5800
6363
5172
7393
5171
7384
3970
3242
1605
1941
2994
238
5627
6211
3581
6865
3683
5801
7200
1431
6891
1665
2795
7994
1838
4765
4054
1525
1887
5338
1248
3813
8023
3060
4171
5027
605
14
3888
5828
3869
7206
6402
261
6777
7270
3547
4413
4072
4690
1432
590
2556
7559
3257
2376
1588
2425
7158
2673
5184
8174
4614
7094
431
7414
1473
3211
2303
5418
4328
1830
4762
4259
3611
6937
5552
1634
645
5103
1584
6060
4029
491
2082
5098
8184
1944
3091
7963
7513
2738
47
1847
3351
4497
5702
484
1739
3458
350
6869
5536
4061
2115
686
3415
4183
5642
1082
4276
2018
6735
2150
2067
470
5318
5904
3906
7680
3629
811
5409
3838
1319
3541
3516
8112
4184
451
1397
5228
6344
1367
3822
3907
4736
8022
4824
1596
6813
4327
2981
3420
6201
460
1237
3383
5091
7069
3057
4301
263
5269
6631
4750
2760
7091
2480
5211
6433
1398
2180
7722
3731
6338
151
1143
3561
318
7276
33
3058
1419
8062
6526
903
7859
6417
8007
5892
2530
8026
5059
3651
361
6434
1618
1623
1876
1306
469
2713
2271
7982
5334
4635
2099
1569
403
3575
7765
7626
3689
3100
5823
301
6678
6089
493
7588
4162
4394
3095
3147
4005
6736
5471
2060
3168
6754
6574
2416
6581
5458
3934
6043
8065
746
4618
2510
333
3305
1558
5961
3477
7670
1977
1389
2859
3592
3039
6406
3433
5218
1496
5852
870
1150
3738
7563
3756
1287
7155
565
2135
591
702
2777
1262
7031
2685
2493
2910
6778
2072
877
3359
4677
6239
2363
6264
6247
2589
1846
2353
1502
3664
3969
7361
1053
7805
7253
7330
412
3952
7909
6606
954
6470
4978
4921
445
2935
3754
168
7741
1331
2651
1189
5826
1059
286
5323
6635
5453
5426
3558
2997
3460
4125
7844
3998
3766
2968
6263
6929
273
7533
178
3827
3555
6637
173
4293
207
6757
7712
5704
8085
7555
6288
184
6103
2680
7622
3004
3064
113
5096
3818
2942
3159
1884
5798
5688
3222
3315
7367
6549
2725
1553
2878
3710
2163
3534
4424
3164
7671
7026
1051
296
6112
2113
6114
5216
1551
2419
1030
2801
1337
2336
5855
4291
675
2579
397
6992
2728
6907
1734
4692
8087
2432
7109
7188
1138
1965
5882
7508
4564
6023
532
6677
6764
2399
5200
3083
83
1288
5311
6941
5003
6186
2785
4755
7663
1404
4872
5115
6960
1012
1297
1610
5472
7967
1060
8135
1314
714
2398
5918
1476
4233
5406
7225
2079
6485
724
4253
1438
2712
2732
2055
615
7060
3440
584
1889
744
6775
756
105
5533
6899
4116
7313
799
6106
4905
1839
4136
5413
6707
2721
2454
6148
7965
2934
3035
2427
4173
1707
7323
1291
6325
372
810
5763
5632
8117
6739
6341
1446
7734
3847
3408
3752
7614
4786
4455
6734
6881
155
6482
5881
2355
6502
5811
6689
3690
2415
730
6782
5241
2462
80
2996
2404
940
1719
351
3635
3545
1407
5238
7064
6300
2032
1614
2388
6128
3092
5501
749
6374
5590
3856
6068
916
7898
380
3757
102
5078
3450
474
7554
577
8052
3235
1597
4689
6386
4820
188
798
7397
3580
214
5710
3353
213
6603
7061
5100
1996
2863
6898
5611
1130
5891
4879
6684
1548
6798
7124
7691
2834
1050
2689
6368
7156
4265
7378
2985
5771
4831
1465
7239
6080
3885
4356
3264
3850
7529
7999
2482
4057
7454
3044
7409
6269
5857
7984
56
4260
7018
8049
1627
7226
1922
335
3072
2550
4549
6794
4939
6726
1837
279
4801
644
1162
227
8003
4510
759
2627
2317
5076
2998
5302
4780
5946
6431
6848
1092
7631
1181
6266
4358
7915
2162
7777
1599
1095
7236
555
614
7201
5909
410
7265
5673
3169
1350
4493
6190
6436
8178
2722
101
8109
3781
6893
293
5049
430
5363
4861
5364
5934
6160
7338
2479
1001
1817
788
1032
6582
1856
1264
1572
3171
1559
7989
4350
5731
1223
3855
8141
7147
5151
4730
6098
7451
1301
5476
7275
5686
986
1210
7995
7324
5469
4551
4355
4042
7694
5750
166
2242
2967
6763
4322
382
6204
240
6336
390
5470
6676
3777
5573
1785
3721
3816
3441
2448
3183
6121
6954
2471
1377
5531
1449
847
3233
1836
5290
5511
5719
4966
5205
344
8151
6407
3674
5999
4081
2552
3402
1530
915
265
4989
6982
3537
2890
781
1195
616
3767
6158
3206
1390
3362
2445
3341
5580
4144
4573
7502
6976
5433
3956
752
2720
4769
7383
466
6822
3862
8006
6601
834
200
1225
7056
2792
4929
3861
2130
1494
1411
3744
1063
1693
3693
5620
1796
3911
6364
7232
5736
3140
2537
4963
6040
2117
849
4228
5450
4448
2234
2428
3307
6024
2450
3038
5053
536
1257
4892
1009
6908
5703
4425
8059
482
2485
3243
1630
6669
7111
1575
5901
7136
627
2641
3930
3260
7157
5486
8046
6475
2156
370
1716
3915
2458
1296
7241
148
6414
2656
5618
5953
4325
4525
617
2533
4845
3854
2943
1782
74
2122
5447
519
6113
4225
4399
1713
6008
7845
5282
5581
6627
6688
7274
6206
6376
4912
7256
5304
5860
5188
5944
5540
4117
7191
2459
3917
5063
7227
626
6738
3675
3157
4684
1844
7145
5866
6513
6451
7928
4392
4064
3227
234
7885
6242
1183
6124
6746
3900
4592
6234
2054
697
1804
6139
5365
6272
3
6717
8044
7618
4266
3300
951
2127
6765
3496
4457
4067
6725
4562
2066
2293
7957
6786
3111
29
271
6296
6727
7470
809
7937
6053
1681
7406
554
6465
499
7430
58
4954
2123
3763
5058
5335
7585
3234
5550
1086
5032
7726
6136
1554
289
1148
6105
6823
3627
4494
1703
651
5842
343
2157
6681
7643
564
7806
3979
3539
1871
6176
158
2640
7803
7120
7473
4020
3118
3457
7298
7656
2407
6015
3514
5774
5411
429
7285
5972
6624
4105
1869
5799
1215
2709
5160
425
1216
2951
4115
7767
2176
2112
6655
7282
3782
4486
4492
974
4507
1674
309
3268
1443
7412
7154
1484
4194
6880
1949
745
6714
5148
5052
4781
3546
5034
2207
4490
1832
1695
37
4584
2861
8105
65
2519
2402
3844
7485
3975
205
6032
1798
5992
6078
3465
221
596
357
7142
1894
1852
3253
4847
4104
1653
4760
124
7873
3771
533
6254
5359
6600
3379
652
3416
3672
883
5207
1827
4032
5820
2380
2124
3983
1947
3509
2675
7862
3406
1093
179
3259
1503
7616
225
1145
5427
1467
4723
6026
1073
586
283
3985
6253
3765
1038
4949
6845
2255
5875
3372
6861
3106
3266
5987
121
7168
4421
5751
6279
5448
925
611
6761
4598
6495
479
5055
7092
2538
7137
7838
1743
142
6602
2031
5583
666
6130
8036
7947
1232
5254
5251
7625
4209
1340
2815
129
8175
4011
4904
5352
4416
7141
1267
392
6668
4083
3507
2063
5665
2701
4859
3020
6605
4728
3332
6480
1928
5825
4400
3523
6588
4101
6840
3153
2763
5525
7996
7686
4671
4071
4849
7749
4375
2758
1701
3542
6393
2300
1455
6768
6854
406
7005
6337
2161
8057
6232
7447
1459
4306
511
7583
3459
2413
6439
5135
7411
7101
2205
4316
7269
5120
4821
3036
4575
7689
4477
2540
6061
2170
3938
5677
1401
8119
5683
5772
6610
2849
2574
5170
7729
6597
327
5131
2881
715
738
8082
1609
2390
4273
751
1763
6971
6038
6656
6331
6552
1107
2412
4883
1295
2594
4797
3789
3947
582
2409
79
4727
6817
6323
6217
5042
5341
5372
2604
5973
5836
2700
5000
6443
7627
6229
8092
6261
2950
4154
4204
7003
3002
2631
2359
4914
7714
8027
2610
4102
4014
800
5119
5544
3407
321
4462
4091
3476
1097
3992
3318
5117
7052
5743
1260
3625
5741
7023
5164
1317
5122
508
6165
3186
5670
4479
5259
2655
4691
5854
1533
1988
1055
7413
7757
807
4089
4638
3288
4488
6010
4100
3403
7515
7669
6286
119
2654
2424
5271
8084
3807
6464
5957
3471
4891
1802
2961
3486
6629
4359
4984
6494
8165
1177
316
1265
1942
6102
5538
1115
2068
2360
6961
7074
6807
3436
7874
5236
1833
2238
4705
7179
5474
3245
2008
3418
1039
2706
8054
5438
5326
6903
1636
5428
4367
206
2203
4609
4758
1388
7875
1673
3842
10
5496
5481
174
1568
8040
1254
125
6766
4052
376
4079
5752
4686
5654
3228
5353
7956
3740
6658
2496
5776
3912
2587
7068
7575
1171
4717
557
2527
3326
2837
4615
6958
893
3764
8099
3704
467
369
8114
2132
2095
3655
4972
4256
4243
1031
1851
6673
7238
6873
1710
7790
3110
4444
4062
4475
3066
2345
7775
1325
2511
1526
776
8078
8128
7425
3161
768
2334
2411
1963
5480
778
2888
336
1892
6125
979
4823
7708
5690
2666
3062
4601
7125
6742
1909
2311
6828
1283
4022
6157
2607
1552
4934
3352
5694
1363
6309
7194
3012
572
6127
2892
7769
3247
3779
441
4080
185
2831
2484
290
976
269
5
6547
4993
5535
6077
5968
4546
4395
4403
4363
3009
3553
5975
5178
2084
2789
4779
959
471
631
3127
4205
3999
1898
433
7098
8177
1426
5928
5574
2621
1510
5838
735
2546
7510
1447
346
4239
805
7176
219
3166
7648
7249
2348
7148
1761
2813
5504
4203
310
2871
4975
4269
6107
2167
1058
4227
7581
5645
7810
7311
6318
6047
4211
2682
7761
6327
7115
5457
3535
858
544
7461
630
1918
1365
64
7949
624
264
186
4992
1722
3301
1006
6667
2553
6618
6131
3483
5810
7787
6512
7807
7426
1545
5296
6329
1724
736
1896
6539
6570
7884
769
5861
2069
3355
2851
2089
4621
5494
126
4222
6702
2990
1514
1531
4659
4422
7203
3673
233
2865
6246
5315
5333
1649
5083
977
6884
4336
6260
5556
5753
6155
2819
7022
6946
5993
7906
2518
328
2842
1043
939
4620
7439
2895
1779
828
5495
5859
669
546
3823
5386
141
3469
1940
5093
7278
4283
5746
5210
3526
7952
2802
2692
4837
1714
2665
439
1415
3977
5614
6832
844
4292
1499
25
6425
7076
7283
1658
4219
3808
1007
4296
7499
2993
3520
952
2142
6716
701
7857
7107
5847
1908
6050
7846
7037
2009
3109
5488
15
1349
6518
4785
2526
1527
5414
7081
929
4667
6424
6947
1010
5420
4385
6299
6964
896
6802
366
1938
7668
3686
5896
4539
3189
4707
3940
1243
169
2365
2857
170
1067
6883
4816
1957
3023
7730
5925
1371
4986
3707
3941
1394
559
7489
2592
1697
6679
4180
411
6630
1967
5849
4188
6446
7997
4284
1311
5570
4732
6277
137
2322
2744
1736
1457
1227
8011
3030
7443
1383
1524
7219
1364
7562
3681
5624
4907
7171
6839
1700
5389
7493
4649
2505
7509
5939
7974
1080
8041
7034
3914
4411
4093
2277
7014
914
5667
602
2421
3820
1676
5320
7078
4123
803
3950
4480
149
5008
4528
7896
1147
2618
5245
4369
7015
1608
385
6267
3630
4792
4523
7277
3487
516
5475
4496
8088
8064
4015
4043
7360
2038
8190
3484
3867
5593
1027
1193
2212
5695
2269
2521
5586
2309
368
2853
5610
4119
4628
4754
3298
739
8167
5716
4451
1077
2650
5744
6305
5874
7134
1386
7420
5298
2829
5126
5636
5757
5781
1479
2235
4925
7353
3154
2572
4997
388
2816
4533
6499
7791
5242
5133
3632
6804
6034
7902
1518
4056
2040
4672
4191
5366
7541
3868
984
4186
3384
6780
1858
2470
7934
4789
3988
454
5459
6747
2753
5657
1120
2633
7512
2248
816
8068
3593
5830
3587
6522
7301
2362
5572
5790
2624
4341
905
1222
2434
5563
4111
688
5226
5068
199
2941
2177
4709
4459
2369
4726
7123
7199
4441
2343
904
3219
4716
4795
150
2148
1929
6874
6851
7390
5336
5463
1345
4542
3612
7139
2154
7653
1945
5927
3434
6449
1341
1144
4279
1589
6188
417
3187
6491
8142
2715
6073
7333
3640
7243
1139
3282
6674
802
822
6027
6045
4991
5631
1904
4909
4634
3719
3723
38
5668
7561
6423
5644
7304
518
3207
6265
1384
5085
3015
7523
1157
2559
755
5284
4151
3088
2628
7001
1980
210
475
837
1732
6437
4124
2625
1924
1498
7048
4130
2911
3990
6409
846
3840
4065
2308
4408
5839
4658
7566
7438
1595
1841
7319
7913
4977
931
6680
4794
534
4361
4776
1758
3146
224
6088
4461
2548
5029
5877
658
87
5814
5804
1230
796
4004
1343
4133
5316
5383
1166
6935
3778
5678
7961
3741
5329
457
6474
3193
7405
4381
4338
6462
2970
6020
1488
72
3697
6151
1104
235
4028
5503
6532
1541
1774
438
5278
5111
133
6649
3984
3290
988
35
157
8186
6721
6441
3748
435
4687
4951
2786
3736
1160
2612
5655
5596
1678
326
5489
5061
7822
4234
1263
7442
5916
4428
5028
4556
1641
6710
7292
338
2544
3905
6985
4391
3017
7373
4731
2241
7222
1806
4710
6968
1016
5708
1439
4045
5257
6856
2887
7532
5809
2344
6894
4241
2178
7028
4268
6575
5104
5832
629
2696
6385
1786
1480
3572
4553
4536
7894
3859
2539
3370
817
5898
1770
3474
7589
1788
7466
6912
6942
5153
7821
1326
4964
4025
7701
1410
3986
1521
2086
935
3653
7140
1249
4343
5015
2919
7986
1534
1845
339
3345
1472
7202
2500
5222
6199
592
5351
4887
3223
1787
8091
1008
999
7427
2780
1921
6377
4938
5142
7881
860
6459
7732
5213
3284
7262
6975
2800
5013
7437
4930
5348
2253
2825
3691
3797
2636
2554
5322
3033
4368
5919
3730
6510
7535
1495
3971
5440
2444
2231
5422
8081
6977
2960
5651
6544
7065
3750
7045
1611
7593
6202
6858
7723
3181
2808
2288
404
2702
5144
6863
6909
6789
7351
5431
4742
6577
7601
4229
4873
1469
4958
4088
3524
7564
7646
6505
2005
393
7743
7814
7944
5291
1200
3313
3096
4642
3097
3051
8150
8182
7784
6225
7576
4867
3388
268
2475
3769
1959
2600
6003
7682
909
4106
7900
4445
522
7688
3409
1290
5025
4439
7029
2561
1933
3942
854
5647
4009
7279
1505
7504
5894
2718
6372
881
5994
622
4121
3248
4576
3980
3799
3272
3224
1655
1923
721
4920
1585
7354
6731
3725
1956
1751
96
6594
416
552
1412
3267
6654
7476
2021
3875
4627
4639
4044
4589
906
4166
4237
281
7004
4051
5161
1715
6548
27
5725
2694
6767
6916
4155
1648
3624
7161
3390
7483
2773
5606
1471
3570
6221
8060
5108
2004
7296
791
2335
2440
2891
6067
3881
6988
1803
2223
4940
7332
684
720
6963
6057
6551
3962
4297
1650
4557
4179
1508
2868
4489
6284
7633
3732
2794
130
2481
5796
3215
5415
6791
1671
3176
2506
7234
394
5214
2064
8030
1354
2306
1725
4495
821
3423
3877
4386
7087
2003
642
4467
3932
4808
8183
8171
3252
3453
3255
314
2751
1202
6375
1563
3878
7604
3828
3120
1995
7440
7309
5868
3966
7193
6095
8098
7085
6187
7557
5125
6997
6330
2730
2041
1084
1242
5375
7582
2575
5373
1425
7181
4711
3793
2939
1175
211
5805
6063
6633
1218
6322
8188
2917
7817
3273
4348
1090
4697
5965
6516
2724
3780
5734
5165
5547
5974
4559
7750
5168
6320
2964
842
6487
4038
2436
1543
7531
7706
1767
6116
3348
5789
5737
1169
6811
7174
3958
6096
1983
5748
55
1753
5328
6939
5652
4602
6159
787
4532
3156
2074
3538
7356
2045
1399
1421
7371
3411
4420
1212
7435
900
728
2236
3713
4563
4182
4725
2233
4822
8137
4654
7828
2282
44
6561
1328
780
5141
2841
3387
267
3562
7310
2798
2057
2321
11
7650
3499
2001
2128
7471
1272
1645
795
349
864
6389
3334
2980
3817
6214
5900
4566
6012
3488
7664
1733
2441
6154
3148
2477
2532
3417
7683
8012
1943
6382
4505
1625
1228
5235
2601
4503
2562
4139
1989
1420
6913
31
4922
348
772
4165
4055
202
2375
1021
7208
878
4943
1783
2900
3363
7853
868
606
5867
5522
7242
3839
2945
5185
691
5648
2483
3931
933
6170
1489
4968
3160
5005
2614
8018
2663
3503
764
7888
5110
4070
4965
4770
1914
1964
7905
677
7186
5421
3556
8124
7877
4552
1098
6416
7720
1091
7093
1745
2313
7968
7375
402
4132
3212
7738
1293
2332
1344
710
4458
938
5720
5662
5958
2472
5439
7271
6862
5249
2515
670
3016
354
5792
6144
3923
255
7517
295
2736
7100
8161
2752
1461
4199
5834
384
7719
4245
1523
2558
4680
5239
5589
3645
1975
2420
2447
6396
3086
3708
718
3389
4290
3577
282
7748
396
5394
5384
2551
3578
5150
3891
1668
2678
3872
7800
5286
4734
1231
5325
770
636
1100
3396
4501
3053
643
7316
6315
7307
3665
2928
2681
7577
7753
1986
6887
698
3544
1593
4512
7547
7013
5698
8080
7077
2739
3079
2762
1696
3024
3163
1274
4543
4108
1316
277
4718
1037
2108
4110
5155
1797
612
722
1310
3043
3658
5243
801
1759
5955
3933
2438
3492
5672
1663
1322
7127
16
4694
6422
5198
7114
3225
3480
3136
3695
2708
6967
5252
4855
2495
7574
5659
2662
6596
4617
5261
5162
6534
5883
2371
171
4702
45
5442
7718
1286
1520
2902
4478
4001
5929
4526
3857
7711
5626
6276
6035
6733
5358
7344
4452
814
1255
3945
4722
2382
5101
1604
6317
7594
6477
7214
1565
4468
1522
4729
1355
6316
107
526
5518
789
5123
4981
2193
236
6699
6178
6037
2012
4561
1487
3265
2764
880
5912
6237
5056
4310
647
2331
300
1810
6022
4417
5229
6365
3626
709
59
4410
6906
8158
6432
8045
5602
8014
6245
2250
926
6951
4814
1982
1336
4682
465
774
5345
6355
7619
4112
7472
4610
7951
2699
3540
1434
5429
6168
3205
6860
3614
973
4263
8016
2912
6536
4715
3073
4518
1436
6825
3916
3638
7827
1937
2860
7672
843
5368
3995
6359
6614
2955
5425
1702
6463
876
1444
48
3902
2502
4660
2512
4309
1689
4270
5705
3237
6693
3582
3391
2164
128
5048
2684
6301
4835
8129
3759
1936
5367
5349
3034
3028
6387
502
1769
2799
2549
6072
8086
513
39
726
3013
6293
3511
324
4955
3172
2617
1984
779
4665
3364
2597
2742
3048
5194
2823
949
921
2486
6134
5360
4412
1351
7113
4570
7890
6444
3843
2320
2585
191
4414
1309
4249
6041
2247
587
3412
3824
6776
3019
7395
2698
2151
6617
6440
7558
2835
1323
4886
5976
512
6292
427
3834
7916
5206
2671
6675
4953
1757
7464
8089
253
2489
942
734
4833
1883
1261
683
937
3375
633
1927
7856
3443
6227
6085
5591
1916
3329
6773
1955
3784
4832
6842
874
5980
1041
1408
6152
1357
6171
5087
503
760
5865
6184
5152
7446
5081
3978
3804
7766
2408
7678
5548
5397
6133
5910
8115
4048
5778
3894
1601
5019
7764
3240
5873
506
3666
8147
75
4511
1395
5996
6608
2531
1805
6843
8113
456
1694
3069
1621
6378
4851
6185
5761
1579
2667
6056
1403
6835
2316
3378
7850
509
7843
2196
2670
7725
4865
7272
6248
4619
7144
6876
6824
6846
419
7940
634
7816
5037
2442
4264
4302
6413
3360
2268
6816
6569
7063
8149
6666
4158
7095
4218
8042
3714
498
3798
4481
3901
2195
4931
5400
6535
237
5297
763
7418
832
5546
3293
1738
5380
1848
4275
1186
341
7774
8102
5379
3682
7763
2377
3758
1828
4670
4332
5863
597
6949
1452
5637
7108
4150
5047
4436
7591
7573
7352
6039
5888
6009
5971
4201
6925
4818
3701
2991
6959
3254
1901
3413
3422
4585
3920
5908
2299
7617
6054
147
6182
2093
2044
7195
3003
7350
1881
4407
331
407
1981
8017
6969
7020
7514
3374
5997
3873
6999
4473
2374
6622
495
6429
5951
4970
7366
889
7640
2864
2717
3501
7491
4572
6543
6783
4746
3008
3314
1466
6278
2033
6084
3429
1280
1360
5223
4033
114
8173
7479
991
2062
5649
875
2494
6069
6075
6665
2716
4326
2726
7972
2006
4058
6030
6708
4662
1238
2983
2134
4744
8133
6348
747
1185
3831
444
1123
5208
2217
7090
6781
6837
6222
7590
2984
1490
1276
6740
23
2704
6879
6803
1976
218
6592
36
1691
5478
118
8093
1110
4569
2639
6555
7250
8029
7231
7212
5435
4759
3397
7918
3819
2599
5270
7584
3210
1915
162
7922
1746
5949
2577
6580
1448
2080
6576
5565
4003
6609
5726
5180
3309
4447
7524
85
3841
6628
3829
6401
5932
6001
4807
5339
3717
4267
4766
8010
6135
4827
2015
7429
5376
6298
5370
3742
5607
2292
5051
2743
6004
5221
8164
6228
21
1642
2189
6049
3760
4314
3108
3657
3889
6457
8189
6616
285
618
1036
2838
3467
4244
5911
5650
7067
6831
3435
6373
2487
4558
1298
1592
1812
3502
7388
717
5255
558
7818
3568
4127
7717
332
2957
1492
5398
583
5149
6467
5319
5203
2312
3007
486
2446
2844
4034
6066
5331
3354
2978
1994
5516
3473
2648
3605
1362
2010
4616
5128
7043
5102
1878
4298
5699
1574
7570
786
6996
1132
7731
4095
3921
6979
699
6690
4135
5350
6642
5709
7611
826
2856
7959
3437
3961
7511
4031
621
3939
3565
5246
3448
1338
3598
1463
1259
7603
2906
4724
3173
1816
6540
5675
4098
4799
7303
208
4787
4840
4841
6036
5017
6515
7553
6270
3128
8069
6723
4603
7132
4990
1990
4170
1752
4853
2002
1854
5466
4
4094
7058
6587
3643
2566
7699
819
6853
2620
1762
6900
4590
6745
841
2397
5923
1318
5766
423
6017
3747
116
700
1126
3149
212
2845
4626
5571
5780
6895
4513
5036
7314
3174
6944
5539
7465
6953
34
6718
5520
8071
882
681
6729
7776
3084
7552
7910
6289
501
4307
3031
4419
919
4027
6504
5219
4806
6332
6392
5982
322
8050
7693
7178
92
2329
2171
6948
5700
1969
5646
4378
2114
962
442
5545
172
5215
4049
3660
5608
620
3357
852
6220
2262
5057
4698
5289
993
1087
6412
6156
6369
3226
3275
2232
6652
3836
4024
5765
2237
3641
2778
4850
4217
5887
6700
1026
4198
5517
5023
134
7293
762
4197
1165
8096
7180
1864
655
2120
2443
1133
2273
3485
6314
4772
4041
2710
6262
2899
3794
7824
845
329
3304
7071
6115
5990
7432
450
7042
3286
6810
2937
2563
2209
5682
4895
1118
1075
6965
3475
1196
7931
8097
8073
3564
4282
1451
5749
4427
426
7655
6590
7097
524
7207
2649
4996
5899
1313
5313
7073
1117
3727
2199
1057
6145
63
6541
978
2598
897
7284
6083
2118
4097
3438
6995
7002
6750
2341
6938
782
1656
737
7987
5576
5268
5783
414
6819
7690
1418
4502
6878
1304
5674
1028
4713
7398
6952
5529
8038
1859
2582
7070
1356
4587
5692
1137
434
50
3895
7400
3532
6922
7129
6062
2213
1235
7441
5622
4147
1224
7006
4141
8179
6732
1442
6931
7477
1198
1167
1819
932
7251
1284
7417
5764
4354
3462
2952
4764
181
5092
8121
7152
1004
679
3249
3094
995
1199
4819
4976
7586
2370
4516
7347
8154
447
7526
2797
1456
1334
1114
6514
7908
1396
4520
1633
400
6638
3863
6901
3846
7484
1191
8063
1252
5528
6500
2192
4384
4611
7920
5829
408
2326
3270
3505
5043
5604
3424
1035
5258
5024
3667
2302
2543
7183
7941
982
1699
8048
20
7659
473
6663
3368
6562
4131
7964
4745
5089
1453
8025
748
2318
4825
2591
6650
8159
7871
855
3493
1122
3306
7955
1822
3981
6972
5224
2593
203
1861
593
1379
5468
3650
7537
5756
3466
270
7665
2423
934
6934
5984
2314
4357
4608
4030
347
3414
2059
4863
3221
6146
242
1018
453
4118
7059
2383
5777
183
7975
3864
8077
2771
5332
3652
6215
5094
4800
7463
831
3989
6399
5579
4633
1792
6957
463
7525
1101
4843
176
1647
5361
7560
5465
3049
5344
243
7606
5079
7924
5227
2729
5775
262
7216
3773
3191
4122
653
5070
7503
5461
1197
7834
1382
5072
5137
1616
7436
138
6058
7971
6836
5505
4655
5816
6897
3848
143
8187
7954
3948
4454
4429
1146
276
5754
6537
2168
2719
305
6920
4802
8047
3340
6523
1201
3421
6809
6059
5452
5808
5337
6346
5044
5342
4579
2430
3101
5831
3342
7945
6240
5567
3554
3599
4903
2358
1781
3519
4370
2110
7518
2461
1170
958
1329
6310
1029
3165
363
1475
5613
6181
907
3550
2406
6917
1273
7421
4664
663
1755
3886
5962
6179
489
7331
5491
2938
3642
1811
851
1646
7369
6307
2295
3634
2474
3099
4919
2023
4757
2596
3687
1567
3678
1561
3755
6565
1219
1358
449
280
7895
543
2226
5943
2185
1509
872
1670
52
6962
8051
2889
1352
117
7936
7654
1428
6990
2830
3573
4509
4330
373
4937
2727
1946
5681
1590
6966
7297
7032
6792
3382
1236
5500
2747
1677
7925
7187
5086
1244
7579
2352
6568
193
4854
7607
7460
98
1474
1205
3325
496
88
5192
3179
613
2191
6438
609
4880
1679
3796
4500
3299
7349
7169
7802
1153
3802
4777
6192
46
3373
1312
5848
2085
6788
95
359
6391
676
1226
7736
4936
7321
1308
767
2930
3316
3425
2000
18
2578
3887
2576
7759
3444
5264
2913
5233
1754
4185
5287
898
5779
1795
4979
1768
5619
4748
7505
4321
156
4606
4347
8170
2337
1468
4862
3871
7403
6557
3428
3937
4450
568
930
7482
7342
2523
3583
5097
6297
2417
7836
7692
4846
4349
146
4206
246
299
562
4906
1136
4224
3256
364
3604
553
2606
2679
4515
7938
523
7365
3893
5391
4999
5279
2529
1413
3953
6720
1598
2349
8132
2982
4902
1217
7160
3803
2405
2294
5960
1807
6216
3715
6986
703
7970
7969
177
6572
2850
8155
2542
6978
1501
5090
4869
187
3202
4918
3032
4514
4952
7258
3410
5902
3090
2731
3910
2772
594
4311
6052
1729
1164
1516
5599
7455
1064
5950
793
6223
6857
480
43
3349
5845
2528
576
4221
5824
3446
2988
6403
3874
3461
4913
3792
2741
6472
3751
1324
1180
5837
579
1535
862
7703
5758
2963
375
2914
6892
1023
7224
1025
5598
2705
3959
3497
6091
6814
7507
7639
6313
7980
556
1961
5179
3712
2520
2525
330
2310
6827
2396
595
4254
4857
5803
5870
6349
4021
2807
6224
1538
5617
3151
3274
6302
6271
4973
4631
4039
4393
7016
2929
4161
1619
308
6626
7990
6086
3649
1688
3968
1209
8104
2832
3262
873
661
3670
6129
4911
1506
2571
5069
2081
2669
5444
7801
3506
5864
2305
6153
7976
1821
1135
902
6428
4138
7542
4805
7457
3238
1002
2973
1809
2219
1512
6943
4882
3192
6212
6501
5906
7792
2674
2287
5445
1868
5711
3571
2909
1706
7210
6350
1607
867
7658
3879
6607
3185
1638
3241
1690
8143
1587
2194
6167
1741
1566
971
1926
4815
7315
8100
6486
3170
3167
8172
7135
4007
6632
4435
5253
4651
1
1906
5240
1760
4372
2289
3356
7246
3331
2904
4063
792
4167
1321
3126
2882
3385
4673
1905
5064
5006
6829
3087
4373
1348
7740
311
5201
2776
3853
5267
2977
5004
7009
6774
2283
2126
3439
4962
3890
4693
1764
2347
985
7348
5840
727
5509
4675
5715
3239
7240
2688
2229
1302
7628
2896
6000
5390
7540
3835
1580
6448
4465
3739
5146
7036
7089
5408
3244
223
3551
8004
6998
4878
7104
2647
5106
7329
4464
8169
6833
1099
1932
5307
3935
3960
5244
2385
7196
1279
3231
1151
8152
1730
353
5225
8160
953
2361
7363
5462
7657
8066
6611
1369
4852
5183
355
42
2340
6595
2714
446
928
1875
1985
2940
6173
1669
4313
4994
258
5443
656
7939
2513
3825
514
4932
3447
3063
405
3993
2159
7721
1613
866
1857
689
7213
2535
1109
2418
7205
8076
6933
5230
1712
5718
3130
7707
6506
966
569
2966
1952
3143
1333
5460
1532
2401
5387
3040
521
2879
1253
1582
4652
7854
6209
3005
1128
1842
7868
2301
7596
3279
97
1011
2030
4443
4342
2514
4016
4974
5280
2137
5283
2378
2263
5173
2075
3489
3734
1303
8008
981
3656
589
5568
2201
4364
4582
4538
7358
3133
6275
4120
3145
3075
7294
3194
2646
757
4334
4519
1470
5507
6218
4916
254
3404
1970
1368
848
2181
1052
5377
1256
4099
5088
4300
1903
7917
7660
3229
5118
4351
5722
6169
1131
180
6904
2136
7679
5947
4834
1910
8009
7551
6415
5986
2824
3336
4272
6709
6793
2897
1454
6455
1539
5603
8131
6589
6956
5666
7394
5354
7328
4741
4164
6354
8166
6758
7337
3330
5167
604
538
4555
4084
5139
3711
4771
5979
6571
3597
2061
640
2239
6945
6357
7487
266
5247
2220
248
2987
4574
551
4366
7746
2923
1429
6198
7638
2623
6662
4453
2050
2948
2894
983
4704
7368
3661
2611
7404
6493
5060
2883
5723
5116
1493
5121
2609
6343
6830
6771
7198
5956
3452
2169
461
3001
531
5526
664
7416
7773
1184
7869
3924
4086
785
571
5879
7647
4196
73
4405
7744
3000
6509
4193
4172
4924
1158
6911
7785
5355
5402
5273
2266
5067
9
5021
7595
7929
2286
2733
8130
3246
6855
8157
603
379
7326
7733
1973
3122
1820
241
1083
7362
3285
2028
5738
7106
6769
6556
6321
4594
6290
2986
5931
2281
2452
6055
5292
6092
2492
3107
969
3338
6583
3753
5697
5513
3395
2323
6044
7762
7771
7742
1187
990
4721
428
4650
7
7021
3928
7520
2886
4382
462
4860
2565
7456
2972
2918
1794
6241
2094
911
6048
5362
1315
1156
4926
5691
6143
5022
918
2218
733
108
5551
2298
3481
7133
1519
2106
3774
7163
7632
4073
1299
1088
485
7066
927
2695
657
3449
5713
6847
6812
6257
3791
5945
4535
716
917
5549
4644
7084
3529
7444
2027
4246
418
3788
2547
6970
7799
2805
2198
4928
4076
1643
6772
1831
8156
7000
1373
5991
6142
6099
3659
2116
4380
7993
215
5521
5788
5502
662
6672
5615
3381
1277
5010
3123
5479
6175
4274
4178
7536
3951
153
6936
1174
7445
122
6287
2803
961
123
4220
4129
6711
6285
2367
3522
7506
7339
6567
4176
7415
3944
5403
352
4998
7642
432
4653
2431
1517
7855
5818
6174
4423
5850
2296
4567
383
2439
5833
6498
2595
7325
2240
7808
257
2065
7088
5483
7878
7318
3884
2884
2456
5660
386
6342
578
7164
6395
2143
3603
4527
790
4082
378
7379
8192
6795
3392
4888
448
6419
1172
3195
2971
7599
936
6076
2818
7267
6553
6762
4571
1958
6550
3926
374
924
2076
1873
7046
7458
6646
17
4335
5584
4037
2105
1359
2206
835
7760
7641
6126
1620
7521
3011
3322
3463
725
6303
5138
57
4278
7235
5806
4484
5621
3162
8118
2036
76
4280
1744
6117
2414
3180
7419
7983
4145
5890
3525
3567
2893
497
7923
6524
5232
2804
7813
2642
2278
6850
5193
2327
3964
304
2822
1913
7322
7434
7623
5983
1659
2498
729
7370
6890
6542
8107
4683
2197
3654
4195
1635
6326
2354
1612
4312
6886
7919
7167
1571
307
4737
1292
1737
4438
5680
6404
367
2999
4434
4623
7798
5913
5653
82
5234
6011
7852
4271
6456
7159
4782
4668
7468
1437
6101
1024
4605
1639
164
5564
5948
1179
6994
3806
3472
6743
5767
723
190
1979
3366
4000
4622
4305
619
4743
5729
4810
567
6252
7645
413
7860
4252
3702
7153
7988
6273
8108
857
1920
4908
6236
1600
2757
3276
6744
1161
5712
879
1375
3251
3586
104
3312
5473
8176
2373
2862
7839
5492
530
6695
3175
6490
1791
2992
6371
3188
4706
581
6660
5506
4442
1353
3973
2257
4069
3335
5724
4174
4548
7184
2265
4784
3050
2783
7501
2389
4630
4560
7099
2921
6466
1789
2024
7082
5577
2104
4858
7287
4796
5147
3426
7754
1682
1991
3281
2230
2626
54
7481
139
7407
563
5071
7255
827
3724
4720
5484
7112
2491
968
6352
4987
4641
2488
175
3919
743
1893
4749
5815
3283
6384
6258
1504
3432
4753
317
5907
5938
8103
7847
3042
231
4258
5166
682
7698
1717
4681
6405
2158
4910
4491
2766
4090
6483
4942
7027
1874
4008
7474
6334
869
4346
7047
7057
3955
3184
7173
6031
712
5510
4499
2603
5762
3203
8001
6989
196
5451
2264
6651
3746
2087
2077
159
2812
1491
1047
3451
1085
1890
7820
362
4735
7864
6790
8033
2473
8101
3913
5843
1478
639
7621
1285
2826
5534
288
6801
2140
7992
4168
2165
6749
3596
3119
1790
5066
4153
3134
2634
3783
537
4169
5419
2166
4967
3386
5432
287
956
5770
4839
967
6016
4216
4212
2774
7128
3405
4109
861
6579
8153
320
1529
6454
3490
8122
5558
4303
4596
4068
1056
3321
6420
2097
4012
1540
7150
198
5395
5512
3498
5663
6065
4946
1070
5396
6640
5182
2182
7958
7651
2224
6697
3302
2503
2907
5821
539
1640
6358
2979
4774
3521
1972
6643
2711
4927
6164
7973
6519
5266
7410
2410
3790
1124
829
706
7290
4103
3536
863
7891
2586
7372
2567
1780
7346
5553
850
2583
540
5739
4956
7050
2852
5039
1747
8013
2153
941
2145
4983
5707
566
1968
5248
7190
674
5628
272
5204
3615
6671
284
2403
7376
7359
1879
4431
3377
5878
2872
1078
7233
2875
1342
1485
6760
4554
2333
6558
145
1835
4544
2664
680
6079
2175
6141
3703
3607
7340
5527
891
6460
1378
7904
7335
3785
7610
4636
8019
4661
1891
5434
3155
5301
1140
4529
3082
5643
109
1777
7825
2025
3263
1773
5671
1664
6213
2847
6864
515
481
7948
1631
1149
6123
3588
7727
7882
4137
6497
7138
2100
7263
2745
972
6841
6090
5769
6882
1079
649
3213
5430
6926
5281
245
1731
3022
2351
5846
2342
2814
6715
6691
3112
3927
6578
7116
4471
3716
1072
1654
3560
3677
1017
2070
1142
2858
6755
1799
4817
2155
4695
5446
912
2260
6705
3768
298
3709
340
7295
5786
459
398
5930
5701
5687
3468
2147
5759
7424
2395
5310
1278
3116
3365
2350
3380
1698
4508
7062
740
5423
3080
2953
667
5263
4026
5449
3018
3584
7273
7044
1824
421
1134
6138
3600
4320
7677
94
6799
2876
6071
3706
5407
6918
3230
2638
1159
8181
3431
5369
4945
765
859
975
4482
4163
3610
4506
4257
3337
4874
5807
5309
3047
944
2208
5378
3065
24
4866
7735
678
2735
5542
4595
2270
1269
7565
51
1445
377
2949
3085
2761
1206
4329
5601
2109
989
4146
1704
132
2854
1332
4600
4950
886
7794
2605
2222
3347
3319
6984
1843
4398
5050
6339
7849
1626
2759
1925
5981
3775
3121
3026
5327
3198
6360
6573
623
1997
2931
2073
2885
570
5497
6308
5132
334
4295
1061
1825
6751
3602
7684
1460
5858
2632
2560
2683
5616
3908
5285
2880
2172
1040
660
599
7475
4885
4593
1094
6520
815
5714
7497
7597
4362
3350
2916
6243
5988
6932
7630
2927
5082
2328
695
7286
7861
3292
5600
840
5530
5493
5582
5812
152
2451
7469
4344
294
6533
5597
5768
6163
6529
7312
5073
1886
2855
7823
49
472
3786
2956
3277
1014
1606
4262
5143
4469
4035
7556
5822
6648
4148
3787
7011
5441
6706
3776
5134
7382
6586
4430
5787
3103
960
7040
5112
8031
6119
1993
436
6687
3722
229
1962
5330
548
4826
5231
2653
6818
6280
381
2211
2501
312
4678
2769
2285
2392
561
7930
3720
1481
7804
1823
3346
7737
3442
542
1815
3903
6489
3343
6002
1834
4881
1203
3067
4915
4812
3761
5340
5630
1482
1772
3812
452
3647
3055
7146
3398
8120
3896
2775
3479
871
6408
7609
1840
7897
892
7408
3061
6458
3543
1458
761
275
1113
4113
824
1720
2051
1071
7826
7072
1370
1339
1372
4700
1685
7977
5998
6852
5077
7751
6468
1240
2828
1960
7110
7162
2677
165
4591
6149
7903
4798
5276
2096
2228
7837
7966
641
671
6634
2833
7809
6205
7396
7710
8015
4701
5464
1405
3996
7433
1562
2035
7516
3217
6554
2740
468
2463
1637
7500
2557
6625
922
5835
4323
7675
3105
1849
754
1974
2870
1583
1106
794
7498
2581
838
5819
8127
5656
7185
4160
1271
945
7422
7876
6838
7636
3117
7387
3204
7217
7230
110
2391
5312
4213
2478
7549
3142
3671
887
1033
2280
4870
1632
5074
274
6620
2793
950
1721
1919
6120
6418
1662
7385
719
7667
5797
3494
1684
5569
1652
4236
7819
7893
1416
2658
2962
4396
1930
4669
4959
1660
5356
4971
3115
2274
3289
1406
7261
7752
7025
7786
6636
6914
2668
3531
7942
517
4969
1987
6356
5895
7197
4379
7962
2146
3589
4985
2102
3478
6910
1966
2507
2499
7770
4894
1860
4390
3530
2846
458
2243
777
2393
1194
3216
3114
127
4739
163
5314
5011
2810
7381
7567
1888
2843
5566
955
291
665
4708
2384
2252
