162
212
23
474
118
379
77
61
427
285
454
418
189
284
94
377
160
208
410
63
269
210
409
363
413
344
484
216
342
378
482
226
462
205
32
290
227
64
178
62
286
384
221
168
492
111
348
439
476
150
39
88
219
47
453
42
53
132
505
263
258
360
449
495
280
58
386
478
481
297
494
470
419
127
369
89
432
368
84
308
148
45
312
96
355
122
260
9
509
485
264
119
287
374
117
277
456
46
240
37
103
30
496
292
338
465
299
51
466
157
488
417
151
401
362
131
214
288
358
164
170
445
307
415
315
242
225
156
199
430
475
165
71
120
241
512
346
356
54
22
87
166
130
224
73
393
328
508
352
250
209
506
40
11
487
256
175
245
335
499
404
434
450
343
231
184
76
279
16
272
38
437
6
510
451
146
500
366
248
438
174
136
144
446
261
375
36
367
251
425
441
29
158
4
365
253
147
339
313
273
483
282
234
201
102
193
181
448
179
431
176
154
382
229
266
57
15
357
133
268
317
458
440
116
14
49
125
301
372
55
428
246
167
236
98
329
124
137
152
7
183
18
479
93
10
243
207
433
259
223
215
489
416
321
459
455
411
399
467
294
406
322
79
90
480
370
511
331
43
473
347
198
391
424
267
182
140
429
403
350
507
323
289
106
12
97
128
442
486
177
390
502
361
271
333
67
296
464
202
139
108
300
65
200
95
141
180
69
460
257
48
359
397
113
447
364
247
203
408
325
311
28
283
80
501
295
310
468
114
314
400
387
112
24
252
217
302
142
320
75
412
21
26
194
13
211
385
477
304
33
337
66
407
291
469
324
121
274
381
443
192
135
276
262
99
56
371
392
85
59
50
398
27
497
420
275
173
107
395
8
354
345
213
206
19
503
389
491
163
228
303
5
70
3
254
237
349
191
190
376
504
388
327
452
185
239
110
82
402
171
81
105
2
319
91
351
145
155
457
161
34
332
330
334
472
17
341
423
394
104
235
143
186
318
74
316
380
471
414
68
41
169
336
123
463
138
196
305
232
1
230
306
218
35
298
383
222
340
405
197
436
153
25
100
309
60
159
188
353
31
83
195
244
493
444
187
204
421
86
129
461
134
270
220
293
233
498
52
115
278
172
426
44
249
373
20
396
78
490
238
255
109
149
92
126
422
281
265
101
72
435
326
